nchu_m7_left & other_m1_left
arm_wave_ang_similarity : 80.15879495427149
arm_bend_ang_similarity : 0
knee_ang_similarity: 0
hip_rot_ang_similarity: 71.86054892773885
cog_trans_similarity: 4.0287171173091
strokes_speed_similarity: 43.23811778390437
