nchu_m7_left & other_f1_left
arm_wave_ang_similarity : 94.28896218737924
arm_bend_ang_similarity : 0
knee_ang_similarity: 85.11016367304454
hip_rot_ang_similarity: 98.34527812917655
cog_trans_similarity: 65.56725608757189
strokes_speed_similarity: 81.99158166364386
