nchu_m7_left & other_f1_left
arm_ang_similarity: 74.85163941540974
knee_ang_similarity: 76.71119619056573
hip_rot_ang_similarity: 64.8652221840596
cog_trans_similarity: 29.16455698485192
strokes_speed_similarity: 53.963925328096124
